       0          300   -6950.6431            0   -6883.6735   -3839.0571 
      10          300   -6948.3608            0   -6881.3911   -3563.9943 
      20    296.27285   -6941.8603            0   -6875.7227   -2793.4593 
      30          300   -6931.4852            0   -6864.5156   -1551.9363 
      40          300   -6918.0384            0   -6851.0687   -62.268357 
      50          300   -6903.4979            0   -6836.5282    1443.5205 
      60    290.04927    -6890.822            0   -6826.0736    2608.7065 
      70    291.70317   -6882.7724            0   -6817.6549    3329.9499 
      80    298.79906   -6879.7074            0   -6813.0058    3574.5068 
      90    299.98175   -6879.9445            0   -6812.9789     3465.363 
     100    307.93925   -6881.7028            0   -6812.9608    3268.0078 
     110       308.99   -6884.3728            0   -6815.3963    2976.7812 
     120    306.44424   -6888.5948            0   -6820.1865    2575.9614 
     130          300   -6894.4102            0   -6827.4405    2053.1238 
     140    305.82115   -6900.9852            0    -6832.716    1542.9964 
     150          300   -6907.1067            0    -6840.137     964.6082 
     160          300   -6912.0258            0   -6845.0561    474.34636 
     170    305.73212    -6915.605            0   -6847.3557    100.90546 
     180    306.06718    -6918.108            0   -6849.7839   -203.18141 
     190    302.13027     -6919.62            0   -6852.1748   -407.01998 
     200    304.92479   -6920.2826            0   -6852.2136   -446.46001 
     210    304.13622   -6920.1343            0   -6852.2413   -403.16484 
     220     300.6583   -6919.3325            0   -6852.2158   -315.61398 
     230    295.62595   -6918.1646            0   -6852.1714   -222.19916 
     240          300   -6916.8251            0   -6849.8554   -88.289013 
     250      292.808    -6915.203            0   -6849.8388   -33.997743 
     260    294.91958   -6913.3265            0   -6847.4909    91.017397 
     270    296.72984   -6911.4648            0   -6845.2252    235.99751 
     280          300   -6909.8349            0   -6842.8652    422.33409 
     290    294.63989   -6908.6379            0   -6842.8648    577.99498 
     300    291.60245   -6907.9839            0   -6842.8889    733.56128 
     310    291.07098   -6907.8502            0   -6842.8738    846.76334 
     320    292.35553   -6908.1549            0   -6842.8917    879.22173 
     330    294.67952   -6908.6843            0   -6842.9023    832.20056 
     340    298.13097   -6909.4501            0   -6842.8977    717.83784 
     350     303.0327   -6910.5385            0   -6842.8919    558.90537 
     360    308.06466   -6911.6549            0   -6842.8849    390.27789 
     370    300.85211   -6912.3037            0   -6845.1438    192.97703 
     380    301.89046    -6912.543            0   -6845.1513    102.14667 
     390    301.44482     -6912.43            0   -6845.1378    71.801591 
     400     299.6368   -6912.0464            0   -6845.1578    102.18909 
     410    296.95574   -6911.4597            0   -6845.1696     178.2675 
     420    294.27506   -6910.8705            0   -6845.1788    273.43294 
     430    292.33977   -6910.4358            0   -6845.1761    362.92264 
     440    291.91089   -6910.3426            0   -6845.1787     431.5087 
     450    293.41232   -6910.6604            0   -6845.1613    470.35788 
     460    296.21623   -6911.2787            0   -6845.1537    476.66372 
     470    298.83876   -6911.8709            0   -6845.1605    454.66048 
     480    300.13257   -6912.1674            0   -6845.1681    411.00477 
     490    300.64778   -6912.2839            0   -6845.1696    346.79872 
     500    302.01821    -6912.609            0   -6845.1888     265.7945 
     510    304.82206   -6913.2518            0   -6845.2057    194.25219 
     520    307.87176   -6913.9385            0   -6845.2116    165.03098 
     530    309.06414   -6914.2091            0    -6845.216    197.13275 
     540    307.14288   -6913.7723            0   -6845.2081    278.87801 
     550    303.41938   -6912.8984            0   -6845.1654    366.67647 
     560    300.60414   -6912.2702            0   -6845.1656    409.57474 
     570    299.34898   -6911.9757            0   -6845.1513     416.5739 
     580    298.09116   -6911.6746            0    -6845.131    427.86363 
     590     295.8233   -6911.1727            0   -6845.1354    467.98217 
     600    293.42464   -6910.6358            0   -6845.1339    530.61093 
     610    292.70985   -6910.4788            0   -6845.1366    580.74741 
     620    294.26538    -6910.834            0   -6845.1445    600.83325 
     630    296.82508   -6911.4207            0   -6845.1597    589.69633 
     640    298.89585   -6911.8808            0   -6845.1576     565.7042 
     650    300.27404   -6912.2153            0   -6845.1844    535.50072 
     660    301.42587   -6912.4569            0   -6845.1689    515.33034 
     670    302.34103   -6912.6898            0   -6845.1975    515.75098 
     680     302.7826   -6912.7726            0   -6845.1818    534.09623 
     690     302.6872   -6912.7319            0   -6845.1624    542.32093 
     700    302.32941   -6912.6485            0   -6845.1588    511.39276 
     710    301.90591   -6912.5299            0   -6845.1348    445.16828 
     720    300.97498   -6912.3326            0   -6845.1453    378.58223 
     730    298.67329   -6911.8081            0   -6845.1346    353.02958 
     740    294.42494   -6910.8723            0   -6845.1472    391.14493 
     750    298.76438   -6909.5813            0   -6842.8875    546.17268 
     760    292.65062   -6908.2367            0   -6842.9077    663.41102 
     770     299.7683   -6907.5661            0   -6840.6481    805.38183 
     780    300.76515    -6907.792            0   -6840.6515    817.79111 
     790    303.93166   -6908.5101            0   -6840.6628    771.82739 
     800    306.04557     -6908.98            0   -6840.6608    706.51517 
     810    305.55261   -6908.8796            0   -6840.6704    662.93371 
     820    304.76043   -6908.6937            0   -6840.6613    649.00945 
     830    307.42163   -6909.2738            0   -6840.6474    644.12006 
     840    303.94316   -6910.8433            0   -6842.9934    569.32502 
     850    302.63818   -6912.8547            0   -6845.2961    483.89142 
     860    309.84453   -6914.4403            0    -6845.273    454.47518 
     870    302.71218   -6915.1586            0   -6847.5834    359.14051 
     880    303.01559   -6915.2169            0    -6847.574    325.15213 
     890    302.08701   -6915.0194            0   -6847.5839    298.70856 
     900    300.77577   -6914.7319            0    -6847.589    301.07301 
     910     298.3527   -6914.2012            0   -6847.5992    342.48452 
     920    294.22432   -6913.2798            0   -6847.5995    417.70086 
     930          300   -6912.3296            0   -6845.3599    543.80171 
     940    297.34273   -6911.7319            0   -6845.3555    562.29659 
     950    296.76474   -6911.5916            0   -6845.3442    526.44649 
     960    296.94527   -6911.6354            0   -6845.3476    459.90543 
     970    296.27565   -6911.4628            0   -6845.3245    395.14887 
     980    295.42273   -6911.2707            0   -6845.3228    333.84473 
     990    295.85563   -6911.3557            0   -6845.3112    272.84094 
    1000     296.9812   -6911.6194            0   -6845.3236     230.8148 
    1010    296.60829   -6911.5164            0   -6845.3038    243.45851 
    1020    293.60943   -6910.8469            0   -6845.3038    314.77217 
    1030    298.95318   -6909.7726            0   -6843.0366    484.39015 
    1040    293.18163   -6908.4954            0   -6843.0478    612.93711 
    1050    298.81648   -6907.4628            0   -6840.7573    796.09814 
    1060    296.26561    -6906.882            0    -6840.746    898.06906 
    1070    296.49962   -6906.9455            0   -6840.7572    959.59939 
    1080    298.93074   -6907.4731            0   -6840.7421    968.46891 
    1090    302.51073   -6908.2774            0   -6840.7473    923.81209 
    1100    306.76384   -6909.2373            0   -6840.7577    839.50585 
    1110    300.98071   -6910.3057            0   -6843.1171     672.8882 
    1120    307.15649   -6911.6883            0   -6843.1211    553.00144 
    1130    303.59052   -6913.3138            0   -6845.5426    361.90108 
    1140    309.94253   -6914.7416            0   -6845.5525    252.99466 
    1150    302.76529   -6915.4567            0   -6847.8698    126.82636 
    1160    302.63679   -6915.4192            0   -6847.8609    109.00327 
    1170    299.97912   -6914.7961            0    -6847.831    126.76386 
    1180    296.57449   -6914.0287            0   -6847.8237    162.86051 
    1190    294.03698   -6913.4555            0    -6847.817     204.4139 
    1200    293.44356   -6913.3347            0   -6847.8286    239.88359 
    1210    294.58441    -6913.595            0   -6847.8343    271.87753 
    1220    295.47272   -6913.7793            0   -6847.8202    311.11812 
    1230    293.73582   -6913.4035            0   -6847.8322    369.14575 
    1240    299.49981    -6912.413            0    -6845.555    494.06104 
    1250    294.30086   -6911.2561            0   -6845.5587    542.29684 
    1260    291.06144   -6910.5315            0   -6845.5572    560.59943 
    1270    290.66014   -6910.4501            0   -6845.5654    557.45115 
    1280    291.03106   -6910.5288            0   -6845.5613     564.1487 
    1290    290.32901   -6910.3702            0   -6845.5594    594.36181 
    1300    298.79417   -6910.0155            0    -6843.315    689.87242 
    1310    297.33581   -6909.6803            0   -6843.3053    708.53517 
    1320    298.32776   -6909.9162            0   -6843.3198     686.6771 
    1330    302.59983   -6910.8927            0   -6843.3427    628.40668 
    1340    308.21681   -6912.1658            0   -6843.3618     570.4513 
    1350    302.32522   -6913.1037            0   -6845.6149     483.9528 
    1360    304.75572   -6913.6409            0   -6845.6096    484.30862 
    1370    305.24665   -6913.7549            0    -6845.614    496.82874 
    1380    304.71699   -6913.6362            0   -6845.6135    508.02726 
    1390    303.76586   -6913.4184            0   -6845.6081    520.02863 
    1400    302.43877   -6913.1113            0   -6845.5972    543.25078 
    1410    301.41925   -6912.8701            0   -6845.5836    564.22469 
    1420    300.89081   -6912.7432            0   -6845.5746    573.05998 
    1430    299.58184     -6912.46            0   -6845.5837    580.29769 
    1440    297.09799   -6911.9132            0   -6845.5914    601.64993 
    1450    295.09291   -6911.4585            0   -6845.5842    627.82836 
    1460    294.82586   -6911.3958            0   -6845.5812    642.66591 
    1470    295.62596   -6911.5944            0   -6845.6012    637.78849 
    1480    296.13136   -6911.7134            0   -6845.6073    622.60383 
    1490    295.95075   -6911.6667            0    -6845.601    605.66155 
    1500    296.15487   -6911.7085            0   -6845.5972    586.43876 
    1510     298.3375   -6912.1836            0   -6845.5851    562.71037 
    1520    302.36432   -6913.0853            0   -6845.5878    532.96653 
    1530    305.74659   -6913.8352            0   -6845.5827    516.92776 
    1540    305.65144   -6913.8205            0   -6845.5892    530.94303 
    1550    301.57695   -6912.9225            0   -6845.6008     584.5581 
    1560    296.46775   -6911.7579            0   -6845.5767    653.97594 
    1570    293.85257    -6911.171            0   -6845.5736     689.3449 
    1580    294.02965   -6911.1898            0   -6845.5529    679.17862 
    1590    294.51228    -6911.303            0   -6845.5584    628.57943 
    1600    293.32298   -6911.0326            0   -6845.5535    556.47713 
    1610    290.68428    -6910.451            0   -6845.5609    482.48598 
    1620    298.05309   -6909.8525            0   -6843.3174    498.96619 
    1630    296.20979   -6909.4522            0   -6843.3286    508.67315 
    1640     296.7614   -6909.5642            0   -6843.3175    548.72683 
    1650    298.55585    -6909.955            0   -6843.3077    596.08317 
    1660    298.81547   -6910.0218            0   -6843.3166     641.7339 
    1670    296.38188   -6909.4528            0   -6843.2908     692.0166 
    1680    293.15283   -6908.7203            0   -6843.2791    740.96525 
    1690    292.34136   -6908.5411            0   -6843.2811    768.03652 
    1700    295.34029   -6909.2265            0   -6843.2971     756.4634 
    1710    300.59207   -6910.4155            0   -6843.3137    714.97677 
    1720    305.50412   -6911.4996            0   -6843.3012    663.74749 
    1730    308.80652   -6912.2568            0   -6843.3212    617.24973 
    1740    301.44353   -6912.8611            0   -6845.5692    513.87009 
    1750    305.93697   -6913.8691            0   -6845.5741    450.56974 
    1760    300.91486   -6914.9893            0   -6847.8154    307.32784 
    1770    304.28938   -6915.7406            0   -6847.8134    222.66514 
    1780    303.96057   -6915.6821            0   -6847.8283    162.15327 
    1790    300.12698   -6914.8237            0   -6847.8257    150.30139 
    1800    295.43357   -6913.7857            0   -6847.8354    175.64386 
    1810    291.58498    -6912.923            0   -6847.8318    228.69566 
    1820    297.77525   -6912.0361            0    -6845.563    373.25506 
    1830    291.72844    -6910.671            0   -6845.5478    494.29283 
    1840    295.66037   -6909.2662            0   -6843.2652    674.47232 
    1850    291.82856   -6908.4151            0   -6843.2695    753.36448 
    1860      292.418   -6908.5429            0   -6843.2657    760.04282 
    1870    295.93411   -6909.3383            0   -6843.2762    701.54576 
    1880    299.47856   -6910.1244            0   -6843.2711     614.9145 
    1890    301.57215    -6910.574            0   -6843.2534    540.21876 
    1900    303.08549   -6910.9072            0   -6843.2488    506.96163 
    1910    305.91862   -6911.5226            0   -6843.2317    521.51461 
    1920    309.99948   -6912.4447            0   -6843.2428    577.30814 
    1930    302.69701   -6913.1256            0   -6845.5539    589.24188 
    1940    302.78141   -6913.1585            0   -6845.5679    657.34285 
    1950     299.5254   -6912.4372            0   -6845.5734    700.75329 
    1960    296.10875   -6911.6873            0   -6845.5863    685.68711 
    1970    295.98412   -6911.6569            0   -6845.5837    605.00054 
    1980    299.00753    -6912.335            0   -6845.5868     492.8224 
    1990    302.14444   -6913.0104            0    -6845.562    408.75976 
    2000    302.83115   -6913.1442            0   -6845.5425    382.43195 
    2000    302.83115   -6913.1442            0   -6845.5425    382.43195 
    2010    300.47865   -6912.6249            0   -6845.5483    411.47858 
    2020    296.48097   -6911.7559            0   -6845.5717    477.77859 
    2030    293.54133   -6911.1116            0   -6845.5837    552.51307 
    2040    293.54055   -6911.0981            0   -6845.5704    608.69732 
    2050    295.98328   -6911.6492            0   -6845.5762    628.15382 
    2060    299.15814   -6912.3481            0   -6845.5663    604.67469 
    2070    301.81413   -6912.9679            0   -6845.5932    542.74159 
    2080    303.26092   -6913.2793            0   -6845.5817    467.72494 
    2090    303.28452   -6913.2982            0   -6845.5954    405.21138 
    2100    301.99185   -6912.9941            0   -6845.5797    372.36948 
    2110    299.08558   -6912.3523            0   -6845.5868    369.65549 
    2120    294.59512   -6911.3323            0   -6845.5692    398.89939 
    2130    290.25911   -6910.3719            0   -6845.5767    439.48396 
    2140    288.39429   -6909.9723            0   -6845.5934    478.45686 
    2150    289.53432   -6910.2229            0   -6845.5895    522.71293 
    2160    292.31321   -6910.8365            0   -6845.5828    582.07615 
    2170    295.28658   -6911.4859            0   -6845.5684    641.14563 
    2180    297.69113   -6912.0224            0   -6845.5682    676.34554 
    2190    299.10266   -6912.3615            0   -6845.5921    665.73907 
    2200    299.40332   -6912.4381            0   -6845.6016    620.22126 
    2210    299.19716    -6912.396            0   -6845.6056    549.50004 
    2220    299.65694   -6912.4846            0   -6845.5915    466.49246 
    2230    301.23925   -6912.8386            0   -6845.5923    381.74358 
    2240     302.4944   -6913.1364            0   -6845.6098    323.26004 
    2250      301.839   -6912.9983            0   -6845.6181    311.93396 
    2260     300.0845    -6912.623            0   -6845.6344    333.30987 
    2270    298.95392   -6912.3461            0   -6845.6099    360.32727 
    2280    298.34693   -6912.1841            0   -6845.5835    383.09493 
    2290    296.94665   -6911.8602            0   -6845.5721    410.61587 
    2300    294.27091   -6911.2526            0   -6845.5619    453.16402 
    2310    291.59596   -6910.6755            0   -6845.5819     493.7954 
    2320    291.21491   -6910.5948            0   -6845.5863    515.74505 
    2330    294.02341   -6911.2032            0   -6845.5677    507.15394 
    2340    298.04055   -6912.0925            0   -6845.5602    482.06578 
    2350    300.07793   -6912.5662            0   -6845.5791    475.34716 
    2360    298.93245   -6912.3155            0   -6845.5841    493.42821 
    2370    296.58345    -6911.802            0    -6845.595    513.71566 
    2380    295.80498   -6911.6281            0   -6845.5949    510.84489 
    2390    297.17567   -6911.9296            0   -6845.5904    486.54296 
    2400     299.4304   -6912.4469            0   -6845.6044    455.94427 
    2410    301.51148   -6912.9039            0   -6845.5968    426.24868 
    2420    302.95889   -6913.2268            0   -6845.5966    389.53773 
    2430    303.30887   -6913.3094            0    -6845.601    353.83082 
    2440    301.99866   -6913.0342            0   -6845.6184    335.34567 
    2450    299.24255   -6912.4039            0   -6845.6033    339.36335 
    2460    296.41806   -6911.7557            0   -6845.5856    358.61797 
    2470    294.64493    -6911.361            0   -6845.5868    381.09396 
    2480    293.85999   -6911.1675            0   -6845.5685      415.565 
    2490    293.58838   -6911.1034            0    -6845.565    471.11225 
    2500    293.26513   -6911.0266            0   -6845.5603    541.59222 
    2510    292.04449   -6910.7508            0    -6845.557    628.81295 
    2520    289.80998   -6910.2358            0   -6845.5409    705.25429 
    2530    288.11952   -6909.8589            0   -6845.5413    737.89795 
    2540     288.9153   -6910.0231            0   -6845.5279     704.5433 
    2550    292.28458    -6910.811            0   -6845.5637    612.47606 
    2560    296.56968   -6911.7811            0   -6845.5772    509.54248 
    2570    299.93042   -6912.5384            0   -6845.5842    438.65391 
    2580    301.36864   -6912.8842            0    -6845.609    422.09013 
    2590    301.48087   -6912.8912            0   -6845.5909     457.3293 
    2600    301.75714   -6912.9362            0   -6845.5743    517.98783 
    2610    302.33299   -6913.0674            0   -6845.5769    585.44595 
    2620    301.89792   -6912.9743            0   -6845.5809    657.26746 
    2630    300.09362   -6912.5615            0   -6845.5709    717.24072 
    2640    298.31881   -6912.1799            0   -6845.5855    732.63034 
    2650    298.48764   -6912.2446            0   -6845.6125    680.87681 
    2660    301.20445   -6912.8467            0   -6845.6081    574.48839 
    2670    304.41946   -6913.5352            0   -6845.5789    452.28304 
    2680    305.08131   -6913.6952            0   -6845.5913    365.09378 
    2690    302.66501   -6913.1617            0   -6845.5971    341.53498 
    2700    299.64596   -6912.4853            0   -6845.5947    362.56646 
    2710    298.24913   -6912.1692            0   -6845.5904    400.40268 
    2720    298.21879   -6912.1603            0   -6845.5882    444.13927 
    2730    298.07353   -6912.1162            0   -6845.5766    490.50489 
    2740    297.25781   -6911.9445            0    -6845.587    526.39264 
    2750    296.53079   -6911.7802            0    -6845.585    541.69323 
    2760     296.4758   -6911.7529            0   -6845.5699    538.23812 
    2770    296.27231     -6911.71            0   -6845.5725    534.24452 
    2780    295.02638   -6911.4397            0   -6845.5803    541.68136 
    2790    293.20549   -6911.0498            0   -6845.5969    546.95304 
    2800    292.41563   -6910.8593            0   -6845.5827    521.80681 
    2810    293.84423   -6911.1752            0   -6845.5796    453.29077 
    2820    296.56931   -6911.7828            0    -6845.579    366.11912 
    2830    298.53177   -6912.2294            0   -6845.5875    304.21347 
    2840    298.70809   -6912.2673            0    -6845.586    300.79837 
    2850    297.65119   -6912.0256            0   -6845.5803    359.29428 
    2860    296.56266   -6911.7931            0   -6845.5907    447.25022 
    2870    296.40775   -6911.7597            0   -6845.5919    523.31129 
    2880     297.3722    -6911.981            0   -6845.5979     556.8159 
    2890    298.84656   -6912.3328            0   -6845.6206    551.85236 
    2900    300.21525   -6912.6282            0   -6845.6104    533.08897 
    2910    301.18963   -6912.8518            0   -6845.6165    511.63681 
    2920    301.73727   -6912.9531            0   -6845.5956    483.58195 
    2930     301.8461   -6912.9787            0   -6845.5969    436.24897 
    2940    300.98345   -6912.7975            0   -6845.6083    379.21701 
    2950    298.78227   -6912.2984            0   -6845.6005    341.57648 
    2960    295.99342   -6911.6782            0   -6845.6029    331.16296 
    2970    293.94208   -6911.2089            0   -6845.5915    337.37414 
    2980    293.15526   -6911.0247            0    -6845.583    345.74193 
    2990    292.45635   -6910.8644            0   -6845.5787    366.60829 
    3000    290.68904   -6910.4662            0    -6845.575    415.07152 
    3010    289.22233   -6910.1373            0   -6845.5735    470.33492 
    3020    289.92814   -6910.2901            0   -6845.5688    495.31918 
    3030    292.05051   -6910.7715            0   -6845.5764    490.08348 
    3040    293.75201   -6911.1613            0   -6845.5863    474.47374 
    3050    294.92691   -6911.4399            0   -6845.6027    457.68794 
    3060    296.81089   -6911.8621            0   -6845.6043     431.3215 
    3070    299.81617   -6912.5353            0   -6845.6067    393.02339 
    3080    302.87015   -6913.2084            0    -6845.598    359.70011 
    3090      304.441   -6913.5787            0   -6845.6176    345.23845 
    3100    303.80844   -6913.4387            0   -6845.6189    362.76827 
    3110    301.63828   -6912.9463            0   -6845.6109    403.21826 
    3120    299.45018   -6912.4666            0   -6845.6196    446.10022 
    3130    298.63787    -6912.288            0   -6845.6224    462.82117 
    3140    299.77487   -6912.5335            0    -6845.614    438.14199 
    3150    301.74701   -6912.9492            0   -6845.5896    384.25808 
    3160    302.05588   -6913.0105            0   -6845.5819    350.73514 
    3170    299.33594   -6912.4196            0   -6845.5982    370.08319 
    3180    295.15637   -6911.4961            0   -6845.6077    436.60261 
    3190    292.62708   -6910.9465            0   -6845.6227    506.73472 
    3200    293.27057   -6911.0779            0   -6845.6105    551.06398 
    3210    295.65933   -6911.6033            0   -6845.6026    562.78966 
    3220    297.42527   -6912.0024            0   -6845.6075    556.43249 
    3230     297.4419   -6912.0108            0   -6845.6122    538.09833 
    3240    296.38924   -6911.7767            0    -6845.613    512.20073 
    3250    296.10479   -6911.7048            0   -6845.6047    471.95561 
    3260    297.40648   -6911.9896            0   -6845.5988    428.23312 
    3270    298.71633   -6912.2768            0   -6845.5937    413.88764 
    3280    298.45371   -6912.2022            0   -6845.5777     442.8252 
    3290    297.40369   -6911.9928            0   -6845.6027    485.90641 
    3300    297.08553   -6911.9212            0   -6845.6021    501.38481 
    3310    298.04299   -6912.1348            0    -6845.602    472.76218 
    3320    299.93996   -6912.5449            0   -6845.5886    415.02776 
    3330    301.44762   -6912.8951            0   -6845.6022    362.44121 
    3340    300.84916   -6912.7792            0     -6845.62    351.63282 
    3350      297.796   -6912.0834            0   -6845.6057    389.21385 
    3360    293.92165   -6911.2088            0    -6845.596    445.22064 
    3370    291.66355   -6910.6866            0   -6845.5778    487.23616 
    3380    292.56855   -6910.8874            0   -6845.5766    491.63779 
    3390    296.03776   -6911.6603            0   -6845.5751    462.61004 
    3400    299.73959   -6912.5112            0   -6845.5997    422.16449 
    3410    301.69265   -6912.9282            0   -6845.5807    393.35085 
    3420    301.63419   -6912.9293            0   -6845.5948     377.4784 
    3430    300.26137    -6912.625            0    -6845.597    373.79567 
    3440    298.06899   -6912.1657            0    -6845.627    386.12769 
    3450    295.53637   -6911.6188            0   -6845.6456    415.77046 
    3460    293.85714   -6911.2233            0   -6845.6249    441.63043 
    3470    294.43796   -6911.3383            0   -6845.6103    436.74863 
    3480    297.50508   -6912.0245            0   -6845.6118    392.66179 
    3490    301.65442   -6912.9505            0   -6845.6115    323.32481 
    3500    304.46651   -6913.5694            0   -6845.6026    261.25055 
    3510     303.7899   -6913.4248            0   -6845.6091    237.75875 
    3520     299.6555   -6912.5231            0   -6845.6303    266.16477 
    3530    294.89631   -6911.4479            0   -6845.6175    334.97716 
    3540    292.89402   -6911.0038            0   -6845.6204    402.94495 
    3550    294.45257    -6911.372            0   -6845.6407    447.79919 
    3560    297.39197   -6912.0034            0    -6845.616    474.54231 
    3570    299.10071   -6912.3849            0    -6845.616    485.24452 
    3580    298.75988   -6912.3081            0   -6845.6153    488.40892 
    3590    297.24238   -6911.9728            0   -6845.6187    485.55052 
    3600    295.37816   -6911.5455            0   -6845.6076    488.92414 
    3610    293.61222   -6911.1431            0   -6845.5994     507.4578 
    3620    292.82966   -6910.9513            0   -6845.5822     533.6638 
    3630     293.5915   -6911.1258            0   -6845.5867    547.06706 
    3640    295.28815   -6911.5088            0   -6845.5909    543.96819 
    3650    296.87687    -6911.858            0   -6845.5855    528.68863 
    3660    297.09467   -6911.9181            0    -6845.597    513.75285 
    3670    295.21872   -6911.4964            0    -6845.594    513.63874 
    3680    292.48799   -6910.9097            0   -6845.6169    512.33313 
    3690    291.25878   -6910.6508            0   -6845.6324    491.09584 
    3700    292.83187   -6910.9991            0   -6845.6295    440.05518 
    3710    296.56438   -6911.8102            0   -6845.6074    377.10907 
    3720    300.26695   -6912.6282            0   -6845.5989    334.30613 
    3730    302.13199   -6913.0486            0   -6845.6029    334.11479 
    3740    302.12661   -6913.0414            0    -6845.597    383.03109 
    3750    300.86912    -6912.752            0   -6845.5883    462.68245 
    3760    298.95446   -6912.3417            0   -6845.6054    549.08502 
    3770    297.65949   -6912.0609            0   -6845.6137    609.42305 
    3780    297.77243    -6912.093            0   -6845.6206     619.0544 
    3790    298.12436   -6912.1753            0   -6845.6243    590.15848 
    3800    297.50543   -6912.0225            0   -6845.6096    555.35329 
    3810    296.44848   -6911.7874            0   -6845.6105    528.73779 
    3820    296.25458   -6911.7487            0   -6845.6151    517.39773 
    3830    297.56378   -6912.0344            0   -6845.6086    514.35367 
    3840    299.50395   -6912.4574            0   -6845.5984    499.87413 
    3850    300.11009   -6912.6141            0   -6845.6199    470.40977 
    3860    298.70237   -6912.3021            0   -6845.6221    424.98518 
    3870    296.98569   -6911.8941            0   -6845.5973    365.46818 
    3880     296.4481   -6911.7687            0   -6845.5919    310.01355 
    3890    296.64366    -6911.806            0   -6845.5856    291.28324 
    3900    296.44682   -6911.7692            0   -6845.5927     325.3109 
    3910     295.4813   -6911.5643            0   -6845.6034     403.4556 
    3920    294.24076   -6911.2705            0   -6845.5865    499.11746 
    3930    293.54348   -6911.1172            0   -6845.5889    577.93419 
    3940    294.53063   -6911.3235            0   -6845.5748    606.10572 
    3950    297.90066   -6912.0684            0   -6845.5674    560.44742 
    3960    302.27208    -6913.052            0   -6845.5751    455.01679 
    3970    304.94684   -6913.6602            0   -6845.5863    346.05825 
    3980    304.45258   -6913.5522            0   -6845.5886    280.62433 
    3990    301.63386   -6912.9231            0   -6845.5887    279.53755 
    4000    298.32682   -6912.2071            0    -6845.611    332.93983 
